1	Bulbasaur	118	111	128
2	Ivysaur	151	143	155
3	Venusaur	198	189	190
4	Charmander	116	93	118
5	Charmeleon	158	126	151
6	Charizard	223	173	186
7	Squirtle	94	121	127
8	Wartortle	126	155	153
9	Blastoise	171	207	188
10	Caterpie	55	55	128
11	Metapod	45	80	137
12	Butterfree	167	137	155
13	Weedle	63	50	120
14	Kakuna	46	75	128
15	Beedrill	169	130	163
16	Pidgey	85	73	120
17	Pidgeotto	117	105	160
18	Pidgeot	166	154	195
19	Rattata	103	70	102
19	Alolan Rattata	103	70	102
20	Raticate	161	139	146
20	Alolan Raticate	135	154	181
21	Spearow	112	60	120
22	Fearow	182	133	163
23	Ekans	110	97	111
24	Arbok	167	153	155
25	Pikachu	112	96	111
26	Raichu	193	151	155
26	Alolan Raichu	201	154	155
27	Sandshrew	126	120	137
27	Alolan Sandshrew	125	129	137
28	Sandslash	182	175	181
28	Alolan Sandslash	177	195	181
29	Nidoran♀	86	89	146
30	Nidorina	117	120	172
31	Nidoqueen	180	173	207
32	Nidoran♂	105	76	130
33	Nidorino	137	111	156
34	Nidoking	204	156	191
35	Clefairy	107	108	172
36	Clefable	178	162	216
37	Vulpix	96	109	116
37	Alolan Vulpix	96	109	116
38	Ninetales	169	190	177
38	Alolan Ninetales	170	193	177
39	Jigglypuff	80	41	251
40	Wigglytuff	156	90	295
41	Zubat	83	73	120
42	Golbat	161	150	181
43	Oddish	131	112	128
44	Gloom	153	136	155
45	Vileplume	202	167	181
46	Paras	121	99	111
47	Parasect	165	146	155
48	Venonat	100	100	155
49	Venomoth	179	143	172
50	Diglett	109	78	67
50	Alolan Diglett	109	82	67
51	Dugtrio	167	136	111
51	Alolan Dugtrio	201	145	111
52	Meowth	92	78	120
52	Alolan Meowth	99	78	120
53	Persian	150	136	163
53	Alolan Persian	158	136	163
54	Psyduck	122	95	137
55	Golduck	191	162	190
56	Mankey	148	82	120
57	Primeape	207	138	163
58	Growlithe	136	93	146
59	Arcanine	227	166	207
60	Poliwag	101	82	120
61	Poliwhirl	130	123	163
62	Poliwrath	182	184	207
63	Abra	195	82	93
64	Kadabra	232	117	120
65	Alakazam	271	167	146
66	Machop	137	82	172
67	Machoke	177	125	190
68	Machamp	234	159	207
69	Bellsprout	139	61	137
70	Weepinbell	172	92	163
71	Victreebel	207	135	190
72	Tentacool	97	149	120
73	Tentacruel	166	209	190
74	Geodude	132	132	120
74	Alolan Geodude	132	132	120
75	Graveler	164	164	146
75	Alolan Graveler	164	164	146
76	Golem	211	198	190
76	Alolan Golem	211	198	190
77	Ponyta	170	127	137
78	Rapidash	207	162	163
79	Slowpoke	109	98	207
80	Slowbro	177	180	216
81	Magnemite	165	121	93
82	Magneton	223	169	137
83	Farfetch'd	124	115	141
84	Doduo	158	83	111
85	Dodrio	218	140	155
86	Seel	85	121	163
87	Dewgong	139	177	207
88	Grimer	135	90	190
88	Alolan Grimer	135	90	190
89	Muk	190	172	233
89	Alolan Muk	190	172	233
90	Shellder	116	134	102
91	Cloyster	186	256	137
92	Gastly	186	67	102
93	Haunter	223	107	128
94	Gengar	261	149	155
95	Onix	85	232	111
96	Drowzee	89	136	155
97	Hypno	144	193	198
98	Krabby	181	124	102
99	Kingler	240	181	146
100	Voltorb	109	111	120
101	Electrode	173	173	155
102	Exeggcute	107	125	155
103	Exeggutor	233	149	216
103	Alolan Exeggutor	230	153	216
104	Cubone	90	144	137
105	Marowak	144	186	155
105	Alolan Marowak	144	186	155
106	Hitmonlee	224	181	137
107	Hitmonchan	193	197	137
108	Lickitung	108	137	207
109	Koffing	119	141	120
110	Weezing	174	197	163
111	Rhyhorn	140	127	190
112	Rhydon	222	171	233
113	Chansey	60	128	487
114	Tangela	183	169	163
115	Kangaskhan	181	165	233
116	Horsea	129	103	102
117	Seadra	187	156	146
118	Goldeen	123	110	128
119	Seaking	175	147	190
120	Staryu	137	112	102
121	Starmie	210	184	155
122	Mr. Mime	192	205	120
123	Scyther	218	170	172
124	Jynx	223	151	163
125	Electabuzz	198	158	163
126	Magmar	206	154	163
127	Pinsir	238	182	163
128	Tauros	198	183	181
129	Magikarp	29	85	85
130	Gyarados	237	186	216
131	Lapras	165	174	277
132	Ditto	91	91	134
133	Eevee	104	114	146
134	Vaporeon	205	161	277
135	Jolteon	232	182	163
136	Flareon	246	179	163
137	Porygon	153	136	163
138	Omanyte	155	153	111
139	Omastar	207	201	172
140	Kabuto	148	140	102
141	Kabutops	220	186	155
142	Aerodactyl	221	159	190
143	Snorlax	190	169	330
144	Articuno	192	236	207
145	Zapdos	253	185	207
146	Moltres	251	181	207
147	Dratini	119	91	121
148	Dragonair	163	135	156
149	Dragonite	263	198	209
150	Mewtwo	300	182	214
151	Mew	210	210	225
152	Chikorita	92	122	128
153	Bayleef	122	155	155
154	Meganium	168	202	190
155	Cyndaquil	116	93	118
156	Quilava	158	126	151
157	Typhlosion	223	173	186
158	Totodile	117	109	137
159	Croconaw	150	142	163
160	Feraligatr	205	188	198
161	Sentret	79	73	111
162	Furret	148	125	198
163	Hoothoot	67	88	155
164	Noctowl	145	156	225
165	Ledyba	72	118	120
166	Ledian	107	179	146
167	Spinarak	105	73	120
168	Ariados	161	124	172
169	Crobat	194	178	198
170	Chinchou	106	97	181
171	Lanturn	146	137	268
172	Pichu	77	53	85
173	Cleffa	75	79	137
174	Igglybuff	69	32	207
175	Togepi	67	116	111
176	Togetic	139	181	146
177	Natu	134	89	120
178	Xatu	192	146	163
179	Mareep	114	79	146
180	Flaaffy	145	109	172
181	Ampharos	211	169	207
182	Bellossom	169	186	181
183	Marill	37	93	172
184	Azumarill	112	152	225
185	Sudowoodo	167	176	172
186	Politoed	174	179	207
187	Hoppip	67	94	111
188	Skiploom	91	120	146
189	Jumpluff	118	183	181
190	Aipom	136	112	146
191	Sunkern	55	55	102
192	Sunflora	185	135	181
193	Yanma	154	94	163
194	Wooper	75	66	146
195	Quagsire	152	143	216
196	Espeon	261	175	163
197	Umbreon	126	240	216
198	Murkrow	175	87	155
199	Slowking	177	180	216
200	Misdreavus	167	154	155
201	Unown	136	91	134
202	Wobbuffet	60	106	382
203	Girafarig	182	133	172
204	Pineco	108	122	137
205	Forretress	161	205	181
206	Dunsparce	131	128	225
207	Gligar	143	184	163
208	Steelix	148	272	181
209	Snubbull	137	85	155
210	Granbull	212	131	207
211	Qwilfish	184	138	163
212	Scizor	236	181	172
213	Shuckle	17	396	85
214	Heracross	234	179	190
215	Sneasel	189	146	146
216	Teddiursa	142	93	155
217	Ursaring	236	144	207
218	Slugma	118	71	120
219	Magcargo	139	191	137
220	Swinub	90	69	137
221	Piloswine	181	138	225
222	Corsola	118	156	146
223	Remoraid	127	69	111
224	Octillery	197	141	181
225	Delibird	128	90	128
226	Mantine	148	226	163
227	Skarmory	148	226	163
228	Houndour	152	83	128
229	Houndoom	224	144	181
230	Kingdra	194	194	181
231	Phanpy	107	98	207
232	Donphan	214	185	207
233	Porygon2	198	180	198
234	Stantler	192	131	177
235	Smeargle	40	83	146
236	Tyrogue	64	64	111
237	Hitmontop	173	207	137
238	Smoochum	153	91	128
239	Elekid	135	101	128
240	Magby	151	99	128
241	Miltank	157	193	216
242	Blissey	129	169	496
243	Raikou	241	195	207
244	Entei	235	171	251
245	Suicune	180	235	225
246	Larvitar	115	93	137
247	Pupitar	155	133	172
248	Tyranitar	251	207	225
249	Lugia	193	310	235
250	Ho-Oh	239	244	214
251	Celebi	210	210	225
252	Treecko	124	94	120
253	Grovyle	172	120	137
254	Sceptile	223	169	172
255	Torchic	130	87	128
256	Combusken	163	115	155
257	Blaziken	240	141	190
258	Mudkip	126	93	137
259	Marshtomp	156	133	172
260	Swampert	208	175	225
261	Poochyena	96	61	111
262	Mightyena	171	132	172
263	Zigzagoon	58	80	116
264	Linoone	142	128	186
265	Wurmple	75	59	128
266	Silcoon	60	77	137
267	Beautifly	189	98	155
268	Cascoon	60	77	137
269	Dustox	98	162	155
270	Lotad	71	77	120
271	Lombre	112	119	155
272	Ludicolo	173	176	190
273	Seedot	71	77	120
274	Nuzleaf	134	78	172
275	Shiftry	200	121	207
276	Taillow	106	61	120
277	Swellow	185	124	155
278	Wingull	106	61	120
279	Pelipper	175	174	155
280	Ralts	79	59	99
281	Kirlia	117	90	116
282	Gardevoir	237	195	169
283	Surskit	93	87	120
284	Masquerain	192	150	172
285	Shroomish	74	110	155
286	Breloom	241	144	155
287	Slakoth	104	92	155
288	Vigoroth	159	145	190
289	Slaking	290	166	284
290	Nincada	80	126	104
291	Ninjask	196	112	156
292	Shedinja	153	73	1
293	Whismur	92	42	162
294	Loudred	134	81	197
295	Exploud	179	137	232
296	Makuhita	99	54	176
297	Hariyama	209	114	302
298	Azurill	36	71	137
299	Nosepass	82	215	102
300	Skitty	84	79	137
301	Delcatty	132	127	172
302	Sableye	141	136	137
303	Mawile	155	141	137
304	Aron	121	141	137
305	Lairon	158	198	155
306	Aggron	198	257	172
307	Meditite	78	107	102
308	Medicham	121	152	155
309	Electrike	123	78	120
310	Manectric	215	127	172
311	Plusle	167	129	155
312	Minun	147	150	155
313	Volbeat	143	166	163
314	Illumise	143	166	163
315	Roselia	186	131	137
316	Gulpin	80	99	172
317	Swalot	140	159	225
318	Carvanha	171	39	128
319	Sharpedo	243	83	172
320	Wailmer	136	68	277
321	Wailord	175	87	347
322	Numel	119	79	155
323	Camerupt	194	136	172
324	Torkoal	151	203	172
325	Spoink	125	122	155
326	Grumpig	171	188	190
327	Spinda	116	116	155
328	Trapinch	162	78	128
329	Vibrava	134	99	137
330	Flygon	205	168	190
331	Cacnea	156	74	137
332	Cacturne	221	115	172
333	Swablu	76	132	128
334	Altaria	141	201	181
335	Zangoose	222	124	177
336	Seviper	196	118	177
337	Lunatone	178	153	207
338	Solrock	178	153	207
339	Barboach	93	82	137
340	Whiscash	151	141	242
341	Corphish	141	99	125
342	Crawdaunt	224	142	160
343	Baltoy	77	124	120
344	Claydol	140	229	155
345	Lileep	105	150	165
346	Cradily	152	194	200
347	Anorith	176	100	128
348	Armaldo	222	174	181
349	Feebas	29	85	85
350	Milotic	192	219	216
351	Castform	139	139	172
352	Kecleon	161	189	155
353	Shuppet	138	65	127
354	Banette	218	126	162
355	Duskull	70	162	85
356	Dusclops	124	234	120
357	Tropius	136	163	223
358	Chimecho	175	170	181
359	Absol	246	120	163
360	Wynaut	41	86	216
361	Snorunt	95	95	137
362	Glalie	162	162	190
363	Spheal	95	90	172
364	Sealeo	137	132	207
365	Walrein	182	176	242
366	Clamperl	133	135	111
367	Huntail	197	179	146
368	Gorebyss	211	179	146
369	Relicanth	162	203	225
370	Luvdisc	81	128	125
371	Bagon	134	93	128
372	Shelgon	172	155	163
373	Salamence	277	168	216
374	Beldum	96	132	120
375	Metang	138	176	155
376	Metagross	257	228	190
377	Regirock	179	309	190
378	Regice	179	309	190
379	Registeel	143	285	190
380	Latias	228	246	190
381	Latios	268	212	190
382	Kyogre	270	228	205
383	Groudon	270	228	205
384	Rayquaza	284	170	213
385	Jirachi	210	210	225
386	Deoxys (Normal Forme)	345	115	137
386	Deoxys (Attack Forme)	414	46	137
386	Deoxys (Defense Forme)	144	330	137
386	Deoxys (Speed Forme)	230	218	137
387	Turtwig	119	110	146
388	Grotle	157	143	181
389	Torterra	202	188	216
390	Chimchar	113	86	127
391	Monferno	158	105	162
392	Infernape	222	151	183
393	Piplup	112	102	142
394	Prinplup	150	139	162
395	Empoleon	210	186	197
396	Starly	101	58	120
397	Staravia	142	94	146
398	Staraptor	234	140	198
399	Bidoof	80	73	153
400	Bibarel	162	119	188
401	Kricketot	45	74	114
402	Kricketune	160	100	184
403	Shinx	117	64	128
404	Luxio	159	95	155
405	Luxray	232	156	190
406	Budew	91	109	120
407	Roserade	243	185	155
408	Cranidos	218	71	167
409	Rampardos	295	109	219
410	Shieldon	76	195	102
411	Bastiodon	94	286	155
412	Burmy	53	83	120
413	Wormadam	141	180	155
414	Mothim	185	98	172
415	Combee	59	83	102
416	Vespiquen	149	190	172
417	Pachirisu	94	172	155
418	Buizel	132	67	146
419	Floatzel	221	114	198
420	Cherubi	108	92	128
421	Cherrim	170	153	172
422	Shellos	103	105	183
423	Gastrodon	169	143	244
424	Ambipom	205	143	181
425	Drifloon	117	80	207
426	Drifblim	180	102	312
427	Buneary	130	105	146
428	Lopunny	156	194	163
429	Mismagius	211	187	155
430	Honchkrow	243	103	225
431	Glameow	109	82	135
432	Purugly	172	133	174
433	Chingling	114	94	128
434	Stunky	121	90	160
435	Skuntank	184	132	230
436	Bronzor	43	154	149
437	Bronzong	161	213	167
438	Bonsly	124	133	137
439	Mime Jr.	125	142	85
440	Happiny	25	77	225
441	Chatot	183	91	183
442	Spiritomb	169	199	137
443	Gible	124	84	151
444	Gabite	172	125	169
445	Garchomp	261	193	239
446	Munchlax	137	117	286
447	Riolu	127	78	120
448	Lucario	236	144	172
449	Hippopotas	124	118	169
450	Hippowdon	201	191	239
451	Skorupi	93	151	120
452	Drapion	180	202	172
453	Croagunk	116	76	134
454	Toxicroak	211	133	195
455	Carnivine	187	136	179
456	Finneon	96	116	135
457	Lumineon	142	170	170
458	Mantyke	105	179	128
459	Snover	115	105	155
460	Abomasnow	178	158	207
461	Weavile	243	171	172
462	Magnezone	238	205	172
463	Lickilicky	161	181	242
464	Rhyperior	241	190	251
465	Tangrowth	207	184	225
466	Electivire	249	163	181
467	Magmortar	247	172	181
468	Togekiss	225	217	198
469	Yanmega	231	156	200
470	Leafeon	216	219	163
471	Glaceon	238	205	163
472	Gliscor	185	222	181
473	Mamoswine	247	146	242
474	Porygon-Z	264	150	198
475	Gallade	237	195	169
476	Probopass	135	275	155
477	Dusknoir	180	254	128
478	Froslass	171	150	172
479	Rotom	185	159	137
480	Uxie	156	270	181
481	Mesprit	212	212	190
482	Azelf	270	151	181
483	Dialga	275	211	204
484	Palkia	280	215	188
485	Heatran	251	213	209
486	Regigigas	287	210	220
487	Giratina (Altered Forme)	187	225	284
487	Giratina (Origin Forme)	225	187	284
488	Cresselia	152	258	260
489	Phione	162	162	190
490	Manaphy	210	210	225
491	Darkrai	285	198	172
492	Shaymin (Land Forme)	210	210	225
492	Shaymin (Sky Forme)	261	166	225
493	Arceus	238	238	236
494	Victini	210	210	225
495	Snivy	88	107	128
496	Servine	122	152	155
497	Serperior	161	204	181
498	Tepig	115	85	163
499	Pignite	173	106	207
500	Emboar	235	127	242
501	Oshawott	117	85	146
502	Dewott	159	116	181
503	Samurott	212	157	216
504	Patrat	98	73	128
505	Watchog	165	139	155
506	Lillipup	107	86	128
507	Herdier	145	126	163
508	Stoutland	206	182	198
509	Purrloin	98	73	121
510	Liepard	187	106	162
511	Pansage	104	94	137
512	Simisage	206	133	181
513	Pansear	104	94	137
514	Simisear	206	133	181
515	Panpour	104	94	137
516	Simipour	206	133	181
517	Munna	111	92	183
518	Musharna	183	166	253
519	Pidove	98	80	137
520	Tranquill	144	107	158
521	Unfezant	226	146	190
522	Blitzle	118	64	128
523	Zebstrika	211	136	181
524	Roggenrola	121	110	146
525	Boldore	174	143	172
526	Gigalith	226	201	198
527	Woobat	107	85	163
528	Swoobat	161	119	167
529	Drilbur	154	85	155
530	Excadrill	255	129	242
531	Audino	114	163	230
532	Timburr	134	87	181
533	Gurdurr	180	134	198
534	Conkeldurr	243	158	233
535	Tympole	98	78	137
536	Palpitoad	128	109	181
537	Seismitoad	188	150	233
538	Throh	172	160	260
539	Sawk	231	153	181
540	Sewaddle	96	124	128
541	Swadloon	115	162	146
542	Leavanny	205	165	181
543	Venipede	83	99	102
544	Whirlipede	100	173	120
545	Scolipede	203	175	155
546	Cottonee	71	111	120
547	Whimsicott	164	176	155
548	Petilil	119	91	128
549	Lilligant	214	155	172
550	Basculin	189	129	172
551	Sandile	132	69	137
552	Krokorok	155	90	155
553	Krookodile	229	158	216
554	Darumaka	153	86	172
554	Galarian Darumaka	153	86	172
555	Darmanitan	263	114	233
555	Darmanitan (Zen Mode)	243	202	233
555	Galarian Darmanitan	263	114	233
555	Galarian Darmanitan (Zen Mode)	323	123	233
556	Maractus	201	130	181
557	Dwebble	118	128	137
558	Crustle	188	200	172
559	Scraggy	132	132	137
560	Scrafty	163	222	163
561	Sigilyph	204	167	176
562	Yamask	95	141	116
563	Cofagrigus	163	237	151
564	Tirtouga	134	146	144
565	Carracosta	192	197	179
566	Archen	213	89	146
567	Archeops	292	139	181
568	Trubbish	96	122	137
569	Garbodor	181	164	190
570	Zorua	153	78	120
571	Zoroark	250	127	155
572	Minccino	98	80	146
573	Cinccino	198	130	181
574	Gothita	98	112	128
575	Gothorita	137	153	155
576	Gothitelle	176	205	172
577	Solosis	170	83	128
578	Duosion	208	103	163
579	Reuniclus	214	148	242
580	Ducklett	84	96	158
581	Swanna	182	132	181
582	Vanillite	118	106	113
583	Vanillish	151	138	139
584	Vanilluxe	218	184	174
585	Deerling	115	100	155
586	Sawsbuck	198	146	190
587	Emolga	158	127	146
588	Karrablast	137	87	137
589	Escavalier	223	187	172
590	Foongus	97	91	170
591	Amoonguss	155	139	249
592	Frillish	115	134	146
593	Jellicent	159	178	225
594	Alomomola	138	131	338
595	Joltik	110	98	137
596	Galvantula	201	128	172
597	Ferroseed	82	155	127
598	Ferrothorn	158	223	179
599	Klink	98	121	120
600	Klang	150	174	155
601	Klinklang	199	214	155
602	Tynamo	105	78	111
603	Eelektrik	156	130	163
604	Eelektross	217	152	198
605	Elgyem	148	100	146
606	Beheeyem	221	163	181
607	Litwick	108	98	137
608	Lampent	169	115	155
609	Chandelure	271	182	155
610	Axew	154	101	130
611	Fraxure	212	123	165
612	Haxorus	284	172	183
613	Cubchoo	128	74	146
614	Beartic	233	152	216
615	Cryogonal	190	218	190
616	Shelmet	72	140	137
617	Accelgor	220	120	190
618	Stunfisk	144	171	240
618	Galarian Stunfisk	144	171	240
619	Mienfoo	160	98	128
620	Mienshao	258	127	163
621	Druddigon	213	170	184
622	Golett	127	92	153
623	Golurk	222	154	205
624	Pawniard	154	114	128
625	Bisharp	232	176	163
626	Bouffalant	195	182	216
627	Rufflet	150	97	172
628	Braviary	232	152	225
629	Vullaby	105	139	172
630	Mandibuzz	129	205	242
631	Heatmor	204	129	198
632	Durant	217	188	151
633	Deino	116	93	141
634	Zweilous	159	135	176
635	Hydreigon	256	188	211
636	Larvesta	156	107	146
637	Volcarona	264	189	198
638	Cobalion	192	229	209
639	Terrakion	260	192	209
640	Virizion	192	229	209
641	Tornadus (Incarnate Forme)	266	164	188
641	Tornadus (Therian Forme)	238	189	188
642	Thundurus (Incarnate Forme)	266	164	188
642	Thundurus (Therian Forme)	295	161	188
643	Reshiram	275	211	205
644	Zekrom	275	211	205
645	Landorus (Incarnate Forme)	261	182	205
645	Landorus (Therian Forme)	289	179	205
646	Kyurem	246	170	245
646	Black Kyurem	310	183	245
646	White Kyurem	310	183	245
647	Keldeo	260	192	209
648	Meloetta (Aria Forme)	250	225	225
648	Meloetta (Pirouette Forme)	269	188	225
649	Genesect	252	199	174
650	Chespin	110	106	148
651	Quilladin	146	156	156
652	Chesnaught	201	204	204
653	Fennekin	116	102	120
654	Braixen	171	130	153
655	Delphox	230	189	181
656	Froakie	122	84	121
657	Frogadier	168	114	144
658	Greninja	223	152	176
659	Bunnelby	68	72	116
660	Diggersby	112	155	198
661	Fletchling	95	80	128
662	Fletchinder	145	110	158
663	Talonflame	176	155	186
664	Scatterbug	63	63	116
665	Spewpa	48	89	128
666	Vivillon	176	103	190
667	Litleo	139	112	158
668	Pyroar	221	149	200
669	Flabébé	108	120	127
670	Floette	136	151	144
671	Florges	212	244	186
672	Skiddo	123	102	165
673	Gogoat	196	146	265
674	Pancham	145	107	167
675	Pangoro	226	146	216
676	Furfrou	164	167	181
677	Espurr	120	114	158
678	Meowstic	166	167	179
682	Spritzee	110	113	186
683	Aromatisse	173	150	226
684	Swirlix	109	119	158
685	Slurpuff	168	163	193
686	Inkay	98	95	142
687	Malamar	177	165	200
688	Binacle	96	120	123
689	Barbaracle	194	205	176
690	Skrelp	109	109	137
691	Dragalge	177	207	163
692	Clauncher	108	117	137
693	Clawitzer	221	171	174
694	Helioptile	115	78	127
695	Heliolisk	219	168	158
696	Tyrunt	158	123	151
697	Tyrantrum	227	191	193
698	Amaura	124	109	184
699	Aurorus	186	163	265
700	Sylveon	203	205	216
701	Hawlucha	195	153	186
702	Dedenne	164	134	167
703	Carbink	95	285	137
704	Goomy	101	112	128
705	Sliggoo	159	176	169
706	Goodra	220	242	207
707	Klefki	160	179	149
708	Phantump	125	103	125
709	Trevenant	201	154	198
712	Bergmite	117	120	146
713	Avalugg	196	240	216
714	Noibat	83	73	120
715	Noivern	205	175	198
716	Xerneas	275	203	270
717	Yveltal	275	203	270
808	Meltan	118	99	130
809	Melmetal	226	190	264
862	Obstagoon	180	194	212
863	Perrserker	195	162	172
865	Sirfetch'd	248	176	158
866	Mr. Rime	212	179	190
867	Runerigus	163	237	151